Z    N    SKM*(MeV)         SKP(MeV)          SLY4(MeV)         SVMIN(MeV)        UNEDF0(MeV)       UNEDF1(MeV)       DDME2(MeV)        DDMEd(MeV)        DDPC1(MeV)        NL3*(MeV)         
4    2    5.766542          4.860945          4.128503          2.782728          4.626261          3.645653          3.90009           3.45509           4.85409           *                 
4    4    -8.287774         -7.319815         -7.909654         -8.945095         -5.811912         -7.052407         -5.22737          -4.49637          -8.58337          -12.00737         
4    6    -1.870221         -0.416751         -0.130326         -2.206584         1.300779          0.342124          -0.35631          -0.29231          -1.22331          -7.26231          
4    8    1.468052          3.8757            4.856112          1.629323          3.939548          3.297531          *                 *                 *                 -3.07964          
6    4    6.996099          5.969409          6.278249          6.393927          5.619404          6.829434          3.13307           2.50407           7.13207           4.28107           
6    6    -4.258303         -4.908262         -4.561235         -4.30918          -4.383074         -2.594441         -2.92461          -4.03661          -2.85961          -4.07261          
6    8    -4.256124         -3.958276         -3.490847         -4.161711         -3.967635         -1.725316         -1.36555          -2.17955          -2.58955          -4.73655          
6    10   -0.809015         -0.354135         0.410698          -0.877257         -0.300084         0.861053          *                 *                 *                 -3.46231          
8    4    2.223843          2.212272          2.289783          3.347508          *                 2.802983          3.22833           3.32233           3.87833           4.61533           
8    6    2.98179           3.833783          4.146439          4.208203          2.858357          4.300853          4.71541           5.74041           4.80441           4.54441           
8    8    -3.261616         -2.190961         -1.786092         -1.847121         -3.264153         -0.4328           0.10016           1.38616           -0.13184          -0.41184          
8    10   -2.315784         -0.814794         -0.090102         -0.185269         -1.612341         1.838271          1.78841           2.77341           1.36741           0.35941           
8    12   -1.735943         -0.200351         0.929262          0.244965          -0.892098         2.647737          2.18734           3.01334           1.39434           -0.17066          
8    14   -2.71712          -0.769356         0.375561          -0.748905         -1.747977         1.64913           1.0276            0.8876            0.5746            -1.6574           
10   6    2.468728          1.735597          *                 *                 1.98765           *                 *                 *                 *                 *                 
10   8    4.103787          3.739981          3.123526          2.791063          4.421629          3.105175          0.97023           0.37823           1.52923           1.43523           
10   10   -5.961987         -5.773981         -5.942479         -5.542948         -4.482377         -4.027962         -5.63135          -4.87335          -5.87735          -6.74635          
10   12   -4.77298          -4.91508          -3.787225         -3.60057          -3.044144         -1.700495         -2.64312          -3.04512          -3.56812          -5.04312          
10   14   -3.367157         -2.358453         -1.988267         -1.937416         -0.160524         -0.168087         -2.01561          -2.57261          -2.87661          -4.01761          
10   16   -2.16065          -0.450736         -0.098773         -0.342663         1.307455          1.103891          -1.26173          -1.43473          -1.87673          -3.11873          
12   8    2.706519          1.624899          0.862495          1.032222          1.550338          0.911799          -0.46976          -0.90976          0.21924           0.50624           
12   10   3.998091          2.248929          3.024098          2.894421          2.77291           2.941494          2.19603           0.17903           2.35803           1.89103           
12   12   -2.594727         -3.267218         -2.793432         -3.098378         -2.829059         -2.271522         -2.59379          -4.05279          -2.62979          -2.24279          
12   14   -2.209107         -2.558957         -1.882051         -1.947976         -1.151578         -0.516933         -1.366            -1.658            -1.682            -2.037            
12   16   -2.92511          -2.544903         -2.124832         -2.28917          -1.264695         -0.97775          -1.61519          -1.65219          -2.67219          -3.24819          
12   18   -3.205793         -2.400162         -1.82103          -2.140933         -1.372392         -0.554366         -2.24321          -2.59521          -3.03321          -3.87821          
12   20   -2.86188          -1.66467          -0.993405         -1.594175         -0.988591         0.065011          -1.55875          -2.28275          -2.17675          -3.47275          
14   12   3.825482          3.716007          2.808997          3.060929          4.525975          2.83034           0.19299           1.22099           0.60499           0.45799           
14   14   -1.580043         -2.202896         -2.132998         -2.120083         -1.506342         -1.646154         -0.65116          -1.51516          -1.51716          -0.94916          
14   16   -1.003861         -1.474625         -1.157668         -0.999521         -0.521014         -0.050987         -1.66123          -2.18223          -1.46723          -1.59623          
14   18   -2.308545         -2.401036         -2.084801         -2.056196         -1.524858         -0.675898         -1.50918          -2.26118          -2.42818          -2.95718          
14   20   -1.84617          -1.660983         -1.130611         -1.321538         -0.925451         0.326277          -0.64893          -1.91293          -2.17193          -2.46193          
14   22   -1.726029         0.035582          0.863679          0.234908          0.937878          1.318703          0.25895           -0.59705          -0.62605          -1.58005          
16   14   3.883924          4.223586          3.831696          3.925525          3.716185          3.694977          0.09832           0.35132           0.91132           0.71932           
16   16   -1.009172         -0.428965         -1.072268         -0.419224         -0.484163         0.102012          -1.17771          -1.02071          -1.91971          -1.52871          
16   18   -0.993041         -0.036715         -0.729126         -0.067904         -0.221386         0.892632          -1.01882          -0.03282          -0.89682          -0.93682          
16   20   -1.787418         -0.440606         -1.022282         -0.563025         -0.772364         0.832075          -1.44225          -0.59925          -1.08225          -1.37125          
16   22   -1.774457         -0.09055          -0.552008         -0.127305         -0.344856         1.414202          -0.46363          0.23637           -0.49463          -0.98063          
16   24   -3.18992          -1.177794         -1.218772         -1.104185         -1.286116         0.770972          0.10476           -0.13424          -0.76524          -1.30124          
16   26   -3.682555         -1.874199         -1.422495         -1.663752         -1.880305         0.181229          -0.4685           -0.4055           -1.1775           -2.5345           
18   16   0.524752          2.258945          2.194277          2.166696          1.155339          2.365358          1.95454           2.88854           2.90654           2.71154           
18   18   -2.461152         -0.859277         -0.797016         -0.96757          -2.000894         -0.242486         0.03731           0.47831           -0.12069          -0.20969          
18   20   -1.587375         0.034228          0.219901          -0.015438         -1.151574         1.183547          0.89758           1.50558           1.18058           0.69358           
18   22   -1.817929         0.016571          0.384427          0.103768          -1.044794         1.550642          0.89936           1.47936           0.84536           0.65836           
18   24   -1.448668         0.521431          0.464104          0.44153           -0.267718         1.555349          0.11095           0.74195           0.24895           0.21595           
18   26   -1.523268         0.603654          0.60537           0.487817          -0.141962         1.960652          0.43951           0.85151           0.20851           0.11851           
18   28   -3.481789         -1.621001         -1.03548          -1.536046         -2.203351         0.061864          -0.3869           0.0911            -0.8969           -1.6179           
20   18   2.136262          2.732754          3.367678          2.956463          1.966061          3.194427          3.58638           3.91338           4.67438           4.12638           
20   20   -1.637186         -0.950375         -0.329533         -0.793813         -1.817294         -0.088142         0.61334           1.00034           0.05434           0.36334           
20   22   -1.176888         -0.351915         0.456045          -0.056538         -1.073138         1.021571          1.56588           2.04788           1.60988           1.11488           
20   24   -1.001555         0.000258          0.858905          0.391341          -0.614753         1.711085          2.02925           2.18625           1.73525           1.47825           
20   26   -0.726863         0.268322          1.356621          0.796269          -0.117672         2.30068           2.30203           2.34903           2.04803           1.69103           
20   28   -1.215771         -0.297799         1.01005           0.236322          -0.663352         1.938809          2.20806           1.84606           1.72306           1.09306           
22   20   2.656774          2.219487          1.895477          2.13323           3.130676          2.303669          0.76178           0.58878           1.11378           1.32378           
22   22   -2.772732         -2.972688         -3.060573         -2.778897         -1.74685          -2.364687         -3.87633          -4.67433          -4.11533          -3.52933          
22   24   -3.15623          -3.183989         -3.007938         -2.619222         -1.632343         -1.93142          -2.94988          -3.75088          -3.47888          -3.24188          
22   26   -2.647394         -2.469796         -2.136585         -1.70016          -0.623501         -0.946215         -2.24459          -3.17859          -2.79559          -2.24659          
22   28   -1.410907         -1.127884         -0.592584         -0.237228         0.920466          0.751749          -0.46048          -1.50748          -1.10148          -0.23248          
22   30   -1.782663         -1.001565         -0.501627         -0.204388         0.905186          0.685569          -0.75095          -1.12595          -1.30895          -0.81595          
22   32   -2.674146         -1.627065         -1.026677         -0.965504         0.135827          -0.176391         -1.4672           -1.2752           -1.8162           -1.7232           
24   24   -0.046726         -1.277877         -0.444258         -0.81319          -0.722248         -0.025734         -0.3227           -1.3047           -0.9797           -0.7927           
24   26   -0.569647         -1.186222         -0.61668          -0.742289         -0.492822         0.178103          -0.57271          -1.51771          -1.12871          -0.82171          
24   28   -1.038852         -1.003712         -0.749877         -0.569814         0.091079          0.2617            -1.0132           -1.7562           -1.2942           -0.2892           
24   30   -2.244671         -2.165397         -1.228648         -1.585237         -0.657905         -0.808711         -0.45365          -0.67965          -1.03365          -1.08465          
24   32   -2.1186           -1.774172         -0.940689         -1.281701         -0.366914         -0.560211         0.14121           -0.08179          -0.37579          -0.71579          
24   34   -2.985283         -2.286518         -1.445943         -1.867709         -1.035921         -0.695856         -0.71788          -0.76088          -1.23388          -1.78688          
26   26   -0.789378         -1.677876         -1.213321         -1.327279         -0.767572         -1.055018         -1.14406          -2.51306          -1.83406          -1.13006          
26   28   -0.31908          -1.318988         -0.567793         -0.702178         0.006536          -0.184743         -0.46046          -1.63546          -1.08846          -0.12746          
26   30   -0.717665         -1.22412          -0.482237         -0.73562          -0.134509         -0.176025         -0.72475          -1.77175          -1.27675          -0.61075          
26   32   -1.565004         -1.808111         -0.886274         -1.377482         -0.783721         -0.502497         -0.74411          -1.55211          -1.38411          -1.09311          
26   34   -1.75209          -1.877772         -0.795418         -1.128292         -0.845107         -0.371807         -0.39505          -0.99905          -1.23605          -1.30705          
26   36   -2.035282         -1.983046         -0.910787         -1.483516         -0.930696         -0.44861          -1.13981          -1.88081          -1.85981          -1.92881          
26   38   -2.374187         -1.244645         -0.312418         -0.777856         -0.30877          0.097156          -0.68406          -1.38406          -1.36506          -1.54006          
28   28   -0.110041         -1.826206         -0.841213         -1.256171         -0.928007         -0.991718         -0.76016          -2.10316          -1.88216          0.03784           
28   30   0.324188          -0.819269         -0.445936         -0.4095           -0.081273         -0.088983         -0.93328          -2.11428          -1.60328          0.05672           
28   32   -0.031038         -0.912146         -0.437607         -0.492508         -0.079634         -0.306755         -1.3386           -2.0536           -2.1756           -0.6376           
28   34   -0.747655         -1.269229         -0.698439         -0.87569          -0.404183         -0.442839         -1.52321          -2.40221          -2.33321          -0.89621          
28   36   -1.334044         -1.436016         -0.485324         -0.843751         -0.625762         -0.164221         -0.80847          -1.54147          -1.54647          -0.71947          
28   38   -1.941386         -1.793355         -0.794042         -1.378802         -1.086524         -0.512107         -0.50156          -1.68756          -1.33956          -1.36356          
28   40   -2.639314         -1.81273          -0.757567         -1.493837         -1.148338         -0.529793         -1.31224          -2.22024          -1.64924          -1.75424          
28   42   -2.769565         -1.487685         -0.31231          -1.109231         -0.667888         -0.032888         -0.59464          -1.69264          -1.19264          -1.35664          
30   30   -1.410874         0.116523          -1.466312         -0.406528         0.495565          -0.331285         -0.53701          0.13199           -0.73601          -1.20301          
30   32   -1.586843         -0.192844         -1.338168         -0.386549         0.61528           0.017895          -0.58829          -0.00829          -0.33629          -0.81229          
30   34   -1.863557         -0.352092         -1.093093         -0.36007          0.495711          0.303615          -0.74444          0.22556           -0.14944          -0.99244          
30   36   -1.838856         -0.481412         -1.138556         -0.381013         0.30555           0.394489          -1.35609          -0.33109          -1.04009          -1.59309          
30   38   -2.179621         -0.236036         -1.558041         -0.378575         0.407583          0.413343          -2.24088          -1.06588          -2.21388          -1.94888          
30   40   -2.156169         -0.031349         -1.309142         -0.165841         0.545789          0.736051          -1.62177          -1.09477          -2.12277          -1.60577          
30   42   -2.737284         -0.671655         -1.920462         -0.835735         -0.144928         0.147279          -1.93145          -1.16045          -2.49145          -1.97045          
30   44   -3.148015         -1.29689          -1.797225         -1.467539         -0.809016         0.260883          -1.04451          -0.51851          -2.15451          -1.81651          
32   34   -1.592104         -0.809437         -0.439774         -0.732815         -0.851601         0.198729          0.14923           0.50823           -0.03777          0.17923           
32   36   -1.994387         -0.851297         -0.739266         -0.756589         -0.946124         0.112082          -0.1973           0.2157            -0.2593           -0.0753           
32   38   -2.024623         -0.944618         -1.050124         -1.260165         -1.09445          0.074053          -0.81283          -0.30583          -0.77283          -0.57883          
32   40   -2.245918         -0.985556         -1.693139         -1.359975         -1.307887         -0.426862         -1.5282           -1.0062           -1.6542           -1.2162           
32   42   -2.317594         -0.994888         -1.616132         -1.30633          -1.312601         -0.238889         -1.22             -0.651            -1.459            -1.059            
32   44   -2.532178         -0.6214           -0.766374         -0.632916         -1.286972         0.568697          -0.8441           -0.2521           -0.9861           -0.6011           
32   46   -2.619262         -0.535368         -0.601866         -0.471281         -0.852748         0.760011          -0.46951          0.09849           -0.70451          -0.33651          
32   48   -2.895114         -0.917186         -0.839195         -0.787542         -1.230415         0.603065          0.05746           0.33846           -0.63754          -0.32654          
32   50   -3.407912         -0.586071         -0.997992         -0.736583         -0.937811         0.872292          0.09882           0.79682           -0.68618          0.36582           
34   36   -1.343487         -0.684685         -0.335875         -0.633163         -1.581712         0.032517          0.03563           0.08963           -0.24137          -0.02337          
34   38   -0.842312         -0.838375         -0.298018         -0.485336         -1.567063         0.259163          -0.24424          -0.06824          -0.36024          -0.07324          
34   40   -1.083535         -0.633185         -0.744733         -0.828338         -1.412266         0.30743           -0.51876          -0.19376          -0.63876          -0.28176          
34   42   -1.809105         -0.489161         -0.627405         -0.661797         -1.223087         0.460753          -0.27955          0.07145           -0.44555          -0.13055          
34   44   -2.047032         -0.30014          -0.472815         -0.326951         -0.774135         0.57046           -0.30798          0.05102           -0.48098          -0.10198          
34   46   -1.922941         -0.260311         -0.265943         -0.233788         -0.382261         0.805271          -0.08767          0.15733           -0.34367          0.05233           
34   48   -1.913184         -0.248516         -0.027542         -0.141977         -0.369036         1.024364          0.32922           0.44222           -0.08578          0.26722           
34   50   -2.174689         -0.378389         -0.018485         -0.18919          -0.50045          1.116506          0.71824           0.61724           0.19424           0.72424           
36   38   0.188803          -0.379793         -0.480734         -0.493721         -1.270126         -0.032002         -0.25404          -0.04004          -0.57404          -0.14604          
36   40   -0.130554         -0.340334         -0.259133         -0.40938          -1.212286         0.266159          -0.06152          0.08248           -0.16952          0.09148           
36   42   -0.593389         -0.160148         0.077893          -0.160791         -0.954648         0.761221          0.17838           0.27238           0.01838           0.24938           
36   44   -1.605754         -0.188229         -0.247756         -0.277981         -0.565292         0.539792          -0.05935          0.22265           -0.12135          0.23765           
36   46   -1.90106          -0.278462         -0.340864         -0.317783         -0.460919         0.575461          -0.17351          0.11649           -0.27151          0.21649           
36   48   -1.609082         0.061285          0.112674          0.090422          -0.199186         1.045585          0.02908           0.58508           0.13608           0.75508           
36   50   -1.435864         -0.04917          0.69477           0.262862          -0.24088          1.573028          0.74632           0.63232           0.26732           0.50332           
36   52   -2.135906         -0.1018           -0.018818         -0.094261         -0.407959         1.09607           0.28949           0.25149           -0.16151          0.22649           
36   54   -2.580656         -0.326944         -0.760279         -0.457083         -0.704392         0.72121           -0.39365          -0.32165          -0.91565          -0.45965          
38   40   0.02432           0.009536          0.408326          -0.066899         -0.656078         0.475188          0.09145           0.01745           -0.05255          0.14245           
38   42   -0.171381         0.25135           0.736056          0.246121          -0.571265         0.845749          0.37656           0.20256           0.18356           0.37656           
38   44   -0.844026         0.456388          0.551132          0.437062          -0.310901         0.974417          0.42417           0.27217           0.31117           0.52717           
38   46   -1.3539           0.524593          0.31607           0.412376          -0.395924         0.973007          0.31473           0.25373           0.32873           0.62773           
38   48   -0.908601         0.776346          0.913979          0.753398          0.093962          1.495856          0.56847           0.20747           0.42547           0.64447           
38   50   -0.973072         0.246182          0.958347          0.300139          -0.178859         1.311265          -0.37111          -0.53111          0.14189           0.03689           
38   52   -1.500424         0.127085          0.522831          0.207261          -0.337791         1.1979            0.18559           -0.20541          -0.05141          0.21059           
38   54   -1.61273          0.00334           0.297949          0.019174          -0.400006         1.070954          -0.0118           -0.3228           -0.4538           -0.0538           
38   56   -2.11069          -0.332032         -0.344804         -0.494972         -0.794057         0.696941          -0.73832          -0.86032          -1.13832          -0.77032          
40   48   -0.334944         0.514179          1.036899          0.500577          0.542744          0.997846          0.30153           -0.24647          0.04453           0.56453           
40   50   -0.177581         0.778285          1.306228          0.769044          0.876682          1.286             0.86753           -0.07447          0.23353           0.84953           
40   52   -0.221186         0.838695          1.449406          0.859805          0.894533          1.447937          0.72378           0.20078           0.40878           0.92678           
40   54   -0.621437         0.640546          1.110371          0.679345          0.642112          1.348299          0.52492           0.12692           0.08492           0.54092           
40   56   -1.165336         0.117574          0.493333          0.10526           -0.039671         0.788131          0.0907            -0.1353           -0.3873           0.0227            
40   58   -1.854811         0.027066          0.211242          -0.114567         -0.255833         0.68009           -0.07091          -0.33791          -0.54691          -0.11191          
40   60   -2.32621          0.136913          -0.690637         -0.255197         0.077831          0.609166          0.11141           -0.13659          -0.48959          -0.10259          
40   62   -2.185308         -0.03386          -0.495147         -0.415698         0.13364           0.403981          0.43489           0.06989           -0.24811          -0.06811          
42   46   -0.89409          -1.17005          -0.710142         -0.625251         -0.023618         -0.300773         -0.74068          -1.32868          -0.87968          -0.22968          
42   48   -0.673899         -0.788885         -0.264735         -0.215596         0.408207          0.15007           -0.19011          -0.86211          -0.44411          0.29489           
42   50   -0.298192         -0.362643         0.21769           0.312157          1.00752           0.789858          0.24532           -0.33068          0.10732           0.96332           
42   52   -0.74423          -0.58437          0.029835          0.094155          0.755602          0.559791          0.30423           -0.24577          -0.04277          0.72823           
42   54   -0.855717         -0.552645         0.111442          0.161691          0.817065          0.606163          0.9434            0.5234            0.6534            0.9404            
42   56   -0.620061         -0.155287         0.584927          0.551356          1.185093          0.951763          1.53313           1.16613           1.16913           1.34613           
42   58   -1.46827          -0.795491         0.368347          -0.020707         0.526676          0.378212          0.54868           0.37568           0.11668           0.53668           
42   60   -2.175253         -1.209608         0.168642          -0.224922         -0.127102         0.456153          0.25589           -0.24311          -0.26111          0.09989           
42   62   -2.51415          -1.189081         -0.276347         -0.357737         -0.299241         0.619377          0.39286           -0.14514          -0.16414          0.08286           
44   52   -0.563402         -0.953704         -0.254652         -0.239782         0.530153          0.23639           0.1547            -0.4493           -0.1913           0.6137            
44   54   -0.918724         -1.129052         0.355895          -0.458431         0.353759          0.01901           0.63809           0.01009           0.26009           0.78009           
44   56   -1.247416         -1.240369         0.935892          -0.348003         0.193884          0.398559          0.6718            0.0788            0.2948            0.7738            
44   58   -1.022625         -1.435754         0.414238          0.005666          0.006306          0.689124          0.47532           -0.00068          0.14832           0.38832           
44   60   -1.874653         -1.074474         -0.4875           -0.296646         0.025711          0.340241          -0.24134          -0.37234          -0.52234          -0.21434          
44   62   -2.217638         -0.750204         -0.208883         -0.528328         -0.137876         0.339673          -0.14335          -0.68335          -0.64035          -0.18835          
44   64   -2.262686         -0.617893         0.072039          -0.276315         0.081121          0.411916          0.14526           -0.45474          -0.42274          -0.03374          
46   52   0.162597          -0.584573         0.278007          0.07133           0.603233          0.399762          0.30616           -0.40484          -0.07384          0.67816           
46   54   0.0755            -0.766216         0.824053          0.083009          0.420571          0.746696          0.33931           -0.36269          -0.05669          0.56931           
46   56   -0.134908         -0.606923         1.011221          0.558549          0.250147          0.93912           0.30497           -0.36903          -0.08203          0.47097           
46   58   -0.0277           -0.249041         1.194044          0.5794            0.689963          1.109508          0.46406           -0.16294          0.03806           0.52206           
46   60   -0.780812         -0.078914         1.346805          0.717465          0.863561          1.282965          0.71545           0.06745           0.21945           0.63845           
46   62   -1.045193         0.202277          0.785087          0.806296          0.837816          1.197469          0.25283           -0.11717          -0.14217          0.33583           
46   64   -0.990501         0.376635          0.193431          0.442975          0.640002          1.117167          -0.19624          -0.74524          -0.70524          0.00376           
46   66   -0.996671         0.277442          -0.076811         0.062804          0.392168          0.810951          -0.24358          -0.85858          -0.83058          -0.07158          
46   68   -0.999317         -0.047377         -0.159015         -0.047359         0.373651          0.777802          -0.28399          -0.91399          -0.94299          0.13101           
48   52   0.797227          -0.281879         0.791076          0.347259          0.668272          0.519787          0.58319           -0.26381          0.15119           0.85419           
48   54   0.406332          -0.204146         0.152292          0.210042          0.748701          0.098599          0.12338           -0.61362          -0.31362          0.64738           
48   56   0.083335          -0.539953         0.161722          -0.055603         0.718656          0.241141          0.04846           -0.67254          -0.37354          0.47346           
48   58   -0.243437         -0.599274         0.279171          -0.074361         0.520276          0.310096          0.26161           -0.49739          -0.23739          0.39961           
48   60   -0.503674         -0.554684         0.532311          0.005312          0.563742          0.45944           0.57521           -0.29479          -0.01279          0.46021           
48   62   -0.832731         -0.400525         0.820415          0.158825          0.711127          0.63461           0.81637           -0.03263          0.18837           0.62937           
48   64   -0.938697         -0.209581         0.999539          0.291534          0.834471          0.743781          0.77072           0.43672           0.18972           0.95972           
48   66   -0.920361         -0.089665         0.52009           0.264634          0.828111          0.71143           0.75752           0.19052           0.09952           1.00852           
48   68   -0.891101         0.092136          0.089309          0.141668          0.94173           0.579797          0.98333           0.12633           0.27533           0.87633           
48   70   -0.785555         0.393517          0.875462          0.891138          1.319206          0.494265          1.13719           0.25919           0.67119           0.78219           
48   72   -0.902226         0.170068          1.582303          0.760831          1.207128          0.908596          0.95663           0.01263           0.40563           0.49763           
48   74   -1.2986           -0.324922         1.114351          0.204991          0.678162          0.887314          0.5328            -0.5032           -0.1482           -0.0542           
50   50   0.944565          -0.80003          0.420251          -0.226263         -0.327497         -0.213494         0.36484           -0.92516          -0.23216          0.78284           
50   52   0.87317           -0.763354         0.578317          -0.161146         -0.191554         -0.113189         0.6594            -0.1506           0.0524            1.0304            
50   54   1.042915          -0.40173          0.273943          0.16251           0.177318          0.152969          0.76633           0.16133           0.01233           1.48733           
50   56   0.910781          -0.3593           -0.422375         -0.224533         0.286082          -0.531603         0.30353           0.04553           -0.44647          1.29353           
50   58   0.419887          -0.497501         -0.710989         -0.44264          0.415627          -0.541854         0.30758           0.18858           -0.43042          1.30258           
50   60   -0.435902         -0.776285         -0.676053         -0.615083         0.121843          -0.515688         0.2955            0.2685            -0.3255           1.2845            
50   62   -1.113758         -0.878892         -0.47095          -0.62216          0.019313          -0.367284         0.78578           0.53578           0.11978           1.34578           
50   64   -1.643841         -0.765349         -0.213447         -0.516519         0.100434          -0.193274         1.23668           0.42768           0.61868           1.23368           
50   66   -2.039208         -0.384737         0.272973          -0.166049         0.416532          0.16905           1.41489           0.26889           0.64089           1.11889           
50   68   -2.237009         -0.033703         1.218839          0.367992          0.795972          0.640952          1.39439           0.24439           0.64639           1.10139           
50   70   -2.163538         0.031347          1.564573          0.600213          0.879114          1.196265          1.40254           0.21854           0.87554           1.07554           
50   72   -1.755063         0.041867          1.491585          0.506429          0.833095          1.154504          1.37817           0.12017           0.54017           0.97217           
50   74   -0.941257         0.02292           1.515326          0.523368          0.836694          1.183161          1.22963           0.09463           0.50263           0.94363           
50   76   -0.513037         -0.299631         1.292281          0.22986           0.624408          0.903665          1.28939           -0.17961          0.20839           0.67939           
50   78   -0.226132         -0.490409         1.104664          -0.011812         0.469717          0.763987          1.23888           -0.34612          0.01788           0.54388           
50   80   -0.670261         -0.806516         0.764948          -0.36076          0.119504          0.458962          1.04811           -0.65989          -0.05189          0.29311           
50   82   -1.393041         -1.48823          0.146773          -1.012219         -0.498336         -0.139907         0.15984           -1.45716          -0.93616          -0.18816          
52   54   *                 -1.055278         -1.158181         *                 -0.576425         -0.350542         *                 -0.50774          -0.84674          *                 
52   56   -2.571575         -0.805087         -0.327444         -0.572828         -0.571156         0.430136          -0.66267          -0.27567          -0.33967          -0.79267          
52   58   -2.36891          -0.89849          -0.330516         -0.571924         -0.455861         0.316925          -1.17308          -0.70008          -0.85608          -1.06808          
52   60   -1.323268         -0.422179         -0.238559         -0.177777         0.073903          0.729251          -1.18832          -0.56832          -0.95632          -0.88932          
52   62   -0.831999         -0.658008         -0.665697         -0.520696         -0.194024         0.769917          -1.92824          -0.81624          -1.63624          -1.35324          
52   64   -0.512157         -0.650593         -0.42876          -0.440168         -0.166132         0.949146          -1.808            -0.625            -1.509            -1.25             
52   66   -0.434078         -0.869799         -0.286555         -0.491217         -0.291621         0.881351          -1.87688          -0.32788          -1.41588          -1.18088          
52   68   -0.623227         -1.265671         -0.896496         -0.85512          -0.695192         0.585072          -1.97547          -0.33947          -1.55647          -1.26047          
52   70   -1.085011         -1.615863         -1.544455         -1.224659         -1.104629         0.127874          -1.8499           -0.3669           -1.9119           -1.2809           
52   72   -1.947635         -1.761858         -1.819701         -1.521065         -1.287003         -0.288556         -1.67254          -0.29254          -1.71554          -1.21654          
52   74   -2.940513         -1.701615         -2.080696         -1.795951         -1.16122          -0.406568         -1.25676          -0.19276          -1.67476          -0.97176          
52   76   -3.6654           -1.506037         -2.034986         -1.580731         -0.999074         -0.358218         -1.12362          0.07838           -1.38962          -0.45462          
52   78   -3.976662         -1.197959         -1.772154         -1.237186         -0.740012         -0.233256         -0.60275          0.69825           -0.81175          0.16525           
52   80   -3.894908         -0.907665         -1.330164         -0.844031         -0.437886         0.22716           0.07283           1.32983           -0.45917          0.83483           
52   82   -3.561369         -0.508126         -0.808691         -0.416677         -0.079325         0.793188          0.99474           2.06774           0.54274           1.61674           
52   84   -4.060624         -0.962621         -1.244649         -0.884825         -0.493539         0.232437          0.46764           1.84364           -0.23136          0.94164           
54   56   *                 -0.159759         -0.250788         -0.268118         -0.52229          0.221226          -0.11465          0.25235           -0.23665          0.03635           
54   58   -0.939506         -0.036126         0.152919          0.076781          -0.445977         0.664774          0.22749           0.56749           0.08849           0.45249           
54   60   -0.954424         -0.615454         -0.089078         -0.235013         -0.946643         0.425325          -0.10159          0.00341           -0.23659          0.14941           
54   62   -0.607194         -0.438153         0.302681          0.197131          -0.560451         0.77792           0.26488           -0.08612          0.11588           0.51388           
54   64   -0.860752         -0.540712         0.105163          0.115096          -0.563666         0.756461          -0.00306          -0.37706          -0.23506          0.24994           
54   66   -1.137489         -0.537748         0.016184          -0.027124         -0.603378         0.740713          -0.28635          -0.29635          -0.50235          -0.07835          
54   68   -1.228757         -0.46122          0.207547          -0.005353         -0.578006         0.818726          -0.40436          -0.22236          -0.69136          -0.25436          
54   70   -1.182261         -0.499396         0.081016          -0.086591         -0.683659         0.959674          -0.48402          -0.12302          -1.01902          -0.25602          
54   72   -1.26613          -0.746815         -0.415563         -0.375646         -1.091265         0.865914          -0.31793          0.16307           -0.85393          -0.19593          
54   74   -1.719127         -0.87601          -0.500708         -0.493084         -1.443246         0.616796          -0.1144           0.4006            -0.6964           -0.1244           
54   76   -2.257274         -0.877646         -0.484527         -0.769409         -1.496646         0.472721          -0.09456          0.46444           -0.75656          -0.16256          
54   78   -2.743648         -0.971319         -0.649813         -1.031433         -1.401763         0.421038          -0.10501          0.41699           -0.87801          0.03399           
54   80   -3.3989           -1.120603         -1.42005          -1.193476         -1.034906         -0.035844         0.12075           0.87075           -0.51225          0.66175           
54   82   -3.260371         -0.669581         -0.898327         -0.696092         -0.574878         0.484335          0.99041           1.54841           0.17241           1.41641           
54   84   -3.166352         -1.13095          -0.820928         -1.359201         -1.235417         0.142961          0.11038           1.16838           -0.46062          0.61438           
56   58   *                 -0.480843         -0.362821         -0.519209         *                 -0.101774         -0.42682          *                 *                 -0.15682          
56   66   -0.700347         -0.493439         0.305823          -0.002742         -0.098677         0.618287          0.12356           -0.69744          -0.19544          0.47456           
56   68   -0.79268          -0.334964         0.511584          0.053889          -0.085741         0.729966          0.20726           -0.53174          -0.12074          0.40826           
56   70   -0.807433         -0.234326         0.620014          0.069809          -0.051161         0.808582          -0.13377          -0.17477          -0.28677          0.17423           
56   72   -0.848292         -0.250957         0.434346          -0.028803         -0.126228         0.781743          -0.27192          -0.06492          -0.49592          0.08308           
56   74   -1.192378         -0.343405         0.043069          -0.234453         -0.375328         0.625447          -0.2605           0.0825            -0.5255           0.0705            
56   76   -1.66518          -0.381111         -0.240452         -0.371788         -0.509932         0.526487          -0.26507          0.20193           -0.58307          0.12293           
56   78   -2.021847         -0.301169         -0.276284         -0.385366         -0.480689         0.54966           -0.10133          0.39767           -0.55833          0.27567           
56   80   -2.372733         -0.429133         -0.206072         -0.770673         -0.793487         0.619887          0.22061           0.81061           -0.36639          0.72561           
56   82   -2.669937         -0.432661         -0.484983         -0.458358         -0.46306          0.627456          0.75957           1.24057           0.09457           1.26457           
56   84   -2.434982         -0.071689         -0.251583         -0.067476         -0.30666          0.755507          0.71158           1.52358           0.12858           1.16358           
56   86   -2.716411         -0.431776         -0.404416         -0.526393         -0.58802          0.444997          0.0899            0.8629            -0.3831           0.4919            
56   88   -2.557059         -0.430206         -0.083107         -0.470983         -0.620485         0.50729           0.1262            0.5502            -0.3478           0.2862            
58   70   -0.701018         -0.645204         -0.115501         -0.121058         0.199539          0.376587          -0.02793          -0.32593          -0.30093          0.44107           
58   72   -1.126265         -0.670333         -0.347194         -0.285423         0.127797          0.267208          -0.19033          -0.20533          -0.50933          0.31167           
58   74   -1.631753         -0.670572         -0.456098         -0.473055         -0.169439         0.201533          -0.21036          -0.23236          -0.54336          0.21864           
58   76   -1.893736         -0.57991          -0.428475         -0.507163         -0.440696         0.254998          -0.30508          -0.36408          -0.60808          0.07792           
58   78   -1.87341          -0.360833         -0.230668         -0.375507         -0.403078         0.45264           -0.32641          0.13859           -0.59941          0.08559           
58   80   -1.95612          -0.231312         -0.131023         -0.19946          -0.413094         0.529856          0.17347           0.56347           -0.29353          0.58547           
58   82   -2.075878         -0.156992         -0.080437         -0.21845          -0.282029         0.752569          0.63241           0.97241           0.09241           0.88941           
58   84   -2.440408         -0.402211         -0.430544         -0.454513         -0.418148         0.421034          0.48695           0.99295           -0.08205          0.78895           
58   86   -2.661439         -0.563612         -0.58121          -0.631441         -0.486859         0.215339          0.03722           0.64522           -0.45178          0.43022           
58   88   -2.500686         -0.625296         -0.470478         -0.568641         -0.360088         0.225047          0.18452           0.33452           -0.36248          0.43352           
58   90   -1.428144         -0.871194         -0.116368         -0.493872         -0.31721          0.204429          0.12735           0.19835           -0.40665          0.29235           
58   92   -0.737373         -1.082149         1.215091          0.281694          0.268835          1.118772          0.7838            0.1228            0.1718            0.2158            
60   72   -0.356057         -0.621602         0.670255          -0.097713         0.321104          0.355806          -0.02784          -0.61084          -0.24884          0.41416           
60   74   -0.377633         -0.887479         -0.218876         -0.535199         0.024367          0.036406          -0.33437          -0.74437          -0.64037          0.22063           
60   76   -0.835493         -0.812419         -0.541562         -0.616379         -0.335043         0.041209          -0.49227          -0.77527          -0.79527          0.02873           
60   78   -1.794753         -0.582562         -0.415966         -0.546419         -0.413301         0.128078          -0.55269          -0.83569          -0.81669          -0.07169          
60   80   -1.793369         -0.286049         -0.156655         -0.338963         -0.234385         0.379921          -0.41419          -0.69519          -0.58619          0.05081           
60   82   -1.550371         0.044433          0.255422          -0.04359          -0.124264         0.794668          -0.33186          -0.63286          -0.49186          0.16214           
60   84   -2.146988         -0.366305         -0.231281         -0.375945         -0.318881         0.427816          -0.33663          -0.64463          -0.51463          0.11137           
60   86   -2.419706         -0.677307         -0.579364         -0.640464         -0.34286          0.089001          0.037             -0.267            -0.454            0.366             
60   88   -1.800835         -0.796236         -0.40282          -0.505848         -0.116467         0.186121          0.24615           0.09115           -0.30785          0.50815           
60   90   -1.19084          -1.11972          0.34381           -0.123302         0.151869          0.656157          0.40515           -0.15585          -0.20285          0.38015           
60   92   -1.466472         -0.999304         0.23769           -0.343111         -0.113359         0.415538          0.50866           -0.84734          -0.26134          0.30766           
62   76   -0.921207         -0.788023         -0.437            -0.460985         -0.107057         0.06299           -0.37842          -0.50842          -0.72542          0.21458           
62   78   -1.154656         -0.554178         -0.529763         -0.516959         -0.166816         0.012351          -0.29582          -0.63182          -0.53082          0.28118           
62   80   -1.68015          -0.19439          -0.186402         -0.200217         -0.189905         0.34099           -0.58706          -1.05306          -0.78406          -0.09506          
62   82   -1.189569         0.11236           0.407315          -0.020948         -0.055776         0.63806           -0.6387           -1.0907           -0.7897           -0.0937           
62   84   -1.830271         -0.256394         0.027646          -0.262444         -0.225214         0.438907          -0.58366          -0.98766          -0.75766          -0.21666          
62   86   -1.883011         -0.60404          -0.33522          -0.496315         -0.129592         0.137302          0.11094           -0.38506          -0.35506          0.44094           
62   88   -1.644232         -0.773525         0.004769          -0.22922          0.078449          0.414098          0.33312           -0.03188          -0.19288          0.65612           
62   90   -2.180837         -0.665419         -0.173486         -0.210118         0.132479          0.512938          0.53596           -0.09404          -0.06904          0.79596           
62   92   -2.270488         -0.386766         -0.3483           -0.301509         0.178966          0.409031          0.50752           0.47652           -0.06348          1.01452           
62   94   -2.302752         -0.611851         -0.428452         -0.446146         0.066078          0.289023          0.5892            0.5182            -0.0368           0.9342            
62   96   -1.955408         -0.416678         -0.021831         -0.171907         0.316542          0.582721          1.02563           0.79763           0.34963           1.20963           
64   78   -0.374569         -0.445806         0.47317           0.139665          -0.02882          0.684605          0.09551           -0.48649          -0.17849          0.56551           
64   80   -0.536976         0.089664          0.243172          -0.023253         -0.028266         0.423834          -0.54056          -1.04156          -0.75656          -0.12556          
64   82   -1.029355         0.035283          0.25108           -0.077859         0.048628          0.357901          -0.62616          -1.15816          -0.89916          -0.03816          
64   84   -1.276687         -0.05574          0.201317          -0.115709         -0.052592         0.370866          -0.29489          -0.88489          -0.66889          0.09611           
64   86   -1.39613          -0.327223         -0.065601         -0.319367         0.012218          0.274069          0.16046           -0.39254          -0.26554          0.53946           
64   88   -1.386011         -0.525606         0.161705          -0.122762         0.093354          0.471789          0.31819           -0.10881          -0.15181          0.70219           
64   90   -1.796173         -0.244485         -0.077076         -0.259702         -0.06272          0.411062          0.1446            -0.0034           -0.3094           0.6386            
64   92   -1.912875         -0.361079         -0.178387         -0.324359         -0.093628         0.386807          0.11946           0.16746           -0.38054          0.66446           
64   94   -2.010814         -0.440139         -0.149036         -0.359713         -0.148956         0.376215          0.32463           0.10763           -0.27337          0.70963           
64   96   -2.222697         -0.612654         -0.193533         -0.498325         -0.331924         0.276162          0.3731            -0.0529           -0.3099           0.6041            
66   80   -0.091081         -0.082021         -0.018765         -0.059309         0.200015          0.237682          -0.10757          -0.88357          -0.58557          0.28243           
66   82   -0.619389         0.216644          0.27328           0.235132          0.623052          0.556066          -0.05126          -0.61726          -0.31226          0.58374           
66   84   -0.660398         0.088522          0.2502            0.191392          0.424751          0.51398           0.20893           -0.40707          -0.16207          0.65393           
66   86   -1.02986          -0.12829          0.378391          0.05664           0.248237          0.7031            0.31238           -0.22862          -0.06062          0.75038           
66   88   -1.230794         -0.250102         0.10964           -0.141781         0.092852          0.400617          0.2781            -0.1699           -0.1229           0.7031            
66   90   -1.37354          -0.16787          0.08874           -0.146969         -0.000493         0.374949          0.19045           0.05345           -0.21255          0.67945           
66   92   -1.473979         -0.106714         0.113749          -0.109048         -0.043488         0.468675          -0.01585          0.12415           -0.38085          0.57015           
66   94   -1.498467         -0.015542         0.262202          -0.036017         -0.010097         0.594062          0.01575           0.09475           -0.35025          0.56075           
66   96   -1.581924         -0.048738         0.354625          -0.034877         -0.063744         0.623991          -0.05112          -0.01912          -0.40612          0.47688           
66   98   -1.714541         -0.243232         0.257823          -0.205588         -0.275698         0.490627          -0.29695          -0.31695          -0.65595          0.21905           
68   84   -0.471898         -0.1187           0.301764          0.095457          0.56464           0.491597          0.31284           -0.30316          -0.01716          0.83884           
68   86   -0.741712         -0.210305         0.587141          0.194493          0.321782          0.555343          0.28635           -0.23165          -0.04265          0.78135           
68   88   -1.324159         -0.226918         0.123539          -0.184974         0.053557          0.369211          0.1314            -0.2956           -0.2046           0.6164            
68   90   -1.541983         -0.210059         -0.008367         -0.241733         0.082528          0.238577          0.29908           0.03308           -0.07392          0.76008           
68   92   -1.574941         -0.06659          -0.058807         -0.157834         0.160718          0.272458          0.28668           0.23568           -0.06332          0.85068           
68   94   -1.523043         0.03247           0.092786          -0.039738         0.227315          0.405046          0.2855            0.2555            -0.1045           0.8375            
68   96   -1.414235         0.142183          0.319122          0.099427          0.333525          0.567018          0.2813            0.3163            -0.1297           0.8303            
68   98   -1.291878         0.172018          0.474848          0.174517          0.378476          0.676492          0.21876           0.24376           -0.20624          0.77576           
68   100  -1.425014         -0.047456         0.355329          0.007883          0.181221          0.543801          0.01245           -0.02955          -0.45255          0.52245           
68   102  -1.305021         0.049732          0.569577          0.149464          0.298679          0.720027          0.24963           0.12663           -0.26937          0.64663           
70   84   -0.312225         -0.06361          0.417904          0.2079            0.621647          0.484994          0.3525            -0.2545           0.0665            0.9455            
70   86   -0.260334         -0.109253         0.787902          0.343078          0.40918           0.699234          0.29173           -0.21727          -0.02427          0.83673           
70   88   -0.861012         0.136826          0.609552          0.153249          0.230607          0.623888          0.17206           -0.18994          -0.13494          0.73606           
70   90   -1.395104         -0.092164         0.267116          -0.132474         0.112923          0.386389          0.28825           -0.06875          -0.09975          0.74525           
70   92   -1.602778         -0.276584         -0.04737          -0.30106          0.090053          0.202988          0.37402           0.08602           -0.03998          0.84802           
70   94   -1.52127          -0.325997         -0.084104         -0.290304         0.156975          0.212704          0.39996           0.14896           -0.03104          0.93696           
70   96   -1.300001         -0.261292         0.138266          -0.126606         0.294939          0.425953          0.51914           0.41214           0.03514           1.05014           
70   98   -1.015798         -0.13578          0.391006          0.070271          0.434396          0.672784          0.60401           0.57901           0.10501           1.15601           
70   100  -0.85877          -0.092692         0.537906          0.153516          0.474874          0.778249          0.61383           0.63883           0.09283           1.17583           
70   102  -0.970196         -0.286954         0.461534          -0.004565         0.303042          0.621068          0.52538           0.53638           -0.05162          1.02338           
70   104  -1.003021         -0.446936         0.490105          -0.094524         0.175516          0.536938          0.62388           0.44388           -0.03712          0.96888           
72   86   0.089366          0.169256          0.776777          0.38055           0.501989          0.636165          0.34443           -0.16357          0.06043           0.94243           
72   88   -0.240455         0.209489          0.837848          0.327846          0.320742          0.667568          0.21567           -0.10433          -0.03933          0.81767           
72   90   -0.811642         0.087243          0.698743          0.137207          0.139931          0.558411          0.27657           -0.16643          -0.04943          0.73257           
72   92   -1.342132         -0.073989         0.443042          -0.077644         -0.012343         0.39576           0.33605           -0.10295          -0.04595          0.72305           
72   94   -1.633134         -0.199328         0.216784          -0.198817         -0.029732         0.355585          0.36479           -0.00421          -0.02321          0.82679           
72   96   -1.907532         -0.371878         -0.03507          -0.35613          -0.081101         0.313004          0.43999           0.29299           0.05199           0.96399           
72   98   -1.971154         -0.441588         -0.10152          -0.340624         -0.049262         0.485864          0.66685           0.58485           0.24785           1.18685           
72   100  -2.085074         -0.382627         -0.04194          -0.294428         -0.026744         0.580268          0.77447           0.82647           0.35147           1.33947           
72   102  -2.304286         -0.341876         -0.14635          -0.300024         0.038124          0.584774          0.96071           1.04571           0.50171           1.51871           
72   104  -2.516009         -0.461536         -0.310714         -0.397465         0.036107          0.441958          1.14515           1.16915           0.61715           1.62415           
72   106  -2.677575         -0.736036         -0.357405         -0.594391         -0.164549         0.195155          1.00893           0.96693           0.44493           1.43293           
72   108  -2.512609         -0.717679         -0.242841         -0.535593         -0.118566         0.294327          1.03496           0.99896           0.45896           1.39996           
74   88   -0.024539         0.169484          0.574316          0.278945          0.401873          0.515193          0.34333           0.01633           0.00933           0.96033           
74   90   -0.305884         0.132316          0.669514          0.244321          0.283276          0.534708          0.28542           -0.12358          -0.04958          0.83142           
74   92   -0.752064         0.057032          0.634326          0.114112          0.119914          0.443811          0.17176           -0.16524          -0.15624          0.67376           
74   94   -1.163375         -0.049125         0.399922          -0.069314         -0.056174         0.31467           -0.06415          -0.21715          -0.35815          0.52585           
74   96   -1.427187         -0.170151         0.144687          -0.235839         -0.171117         0.37772           0.22925           0.05225           -0.15675          0.73825           
74   98   -1.802788         -0.287345         0.04658           -0.352901         -0.246223         0.358342          0.45673           0.33273           0.02173           0.95573           
74   100  -2.082263         -0.406615         -0.182589         -0.473796         -0.306914         0.25162           0.51851           0.54151           0.08051           1.06851           
74   102  -2.184286         -0.464026         -0.288806         -0.534415         -0.301596         0.201197          0.57308           0.71608           0.14008           1.17608           
74   104  -2.04246          -0.502761         -0.281961         -0.530216         -0.296445         0.140462          0.52761           0.77161           0.06061           1.16761           
74   106  -2.211885         -0.689377         -0.305421         -0.659766         -0.494511         -0.059303         0.19684           0.30984           -0.33016          0.81584           
74   108  -2.242967         -0.715554         -0.29137          -0.693055         -0.546795         -0.069493         0.12394           0.02294           -0.50906          0.59994           
74   110  -2.29951          -0.649068         -0.335743         -0.735282         -0.574821         -0.100549         0.15532           -0.15168          -0.54868          0.48732           
74   112  -2.47881          -0.716613         -0.481468         -0.838615         -0.685398         -0.21783          -0.02618          -0.37018          -0.71218          0.29082           
76   90   -0.52626          0.149372          0.172296          0.097586          0.380898          0.298087          0.28741           0.13441           0.00041           0.97841           
76   92   -0.796553         0.138837          0.178227          0.06352           0.341711          0.298113          0.24422           0.08822           -0.10578          0.87622           
76   94   -1.085182         0.030575          0.015146          -0.06898          0.213216          0.147869          0.21347           -0.22853          -0.27953          0.70147           
76   96   -1.168883         -0.101817         0.249705          -0.195538         0.098002          0.411471          0.02237           -0.17663          -0.31663          0.63137           
76   98   -1.018908         -0.299912         0.301283          -0.111028         -0.043122         0.381892          0.05494           -0.02606          -0.29806          0.71594           
76   100  -1.227401         -0.204555         0.12905           -0.158815         -0.099722         0.309109          0.15821           0.16521           -0.22879          0.83321           
76   102  -1.354047         -0.275949         0.051333          -0.231737         -0.149562         0.247099          0.29847           0.31347           -0.15353          0.92847           
76   104  -1.423914         -0.427045         0.059479          -0.229222         -0.136556         0.320549          0.39216           0.44916           -0.12184          0.98916           
76   106  -1.26081          -0.325545         0.118258          -0.163366         0.071883          0.373133          0.29646           0.40246           -0.20754          0.95646           
76   108  -1.085945         -0.184119         0.247188          -0.07195          0.107837          0.395305          0.10943           0.31343           -0.38357          0.82943           
76   110  -1.232153         -0.268909         0.114283          -0.198228         -0.00238          0.223624          -0.39712          -0.10912          -0.84612          0.40288           
76   112  -1.334345         -0.410715         0.003535          -0.300867         -0.104488         0.120526          -0.85882          -0.47782          -1.23682          0.03118           
76   114  -1.370491         -0.197305         0.101388          -0.389326         -0.20455          0.041734          -0.64712          -0.72812          -1.08512          -0.04712          
76   116  -1.530397         -0.472025         0.181665          -0.40073          -0.076403         -0.064008         -0.48312          -0.98812          -0.97012          -0.16912          
78   92   -0.606728         0.342971          0.267944          0.103865          0.478035          0.253126          0.22521           0.96221           -0.10479          0.90321           
78   94   -0.967557         0.336942          0.178307          0.036088          0.418471          0.18181           0.13483           0.48783           -0.21617          0.71383           
78   96   -0.849989         0.246467          -0.062605         -0.128119         0.267764          0.123138          -0.27904          -0.53404          -0.55704          0.23996           
78   98   -0.877347         0.165328          0.020949          -0.079471         0.37776           0.255468          -0.15254          -0.36454          -0.43254          0.36846           
78   100  -0.924509         -0.181982         0.064443          -0.077841         0.379605          0.321327          -0.05401          -0.20801          -0.36401          0.45099           
78   102  -1.041463         -0.169741         0.167204          -0.046554         0.451659          0.398226          0.12929           -0.05071          -0.23671          0.57829           
78   104  -1.308583         0.277243          0.355496          0.029023          0.825215          0.596571          0.39162           0.21162           -0.03238          0.78362           
78   106  -1.809297         0.670782          0.17892           -0.089901         1.110592          0.721891          0.43795           0.36395           0.05395           0.89195           
78   108  -2.065069         1.031481          -0.125796         0.042617          1.443099          0.6005            0.43373           0.52273           0.06073           0.94473           
78   110  -2.185929         1.061978          -0.552968         0.144632          1.357282          0.184583          -0.04441          0.17559           -0.40141          0.57059           
78   112  -2.286263         0.99553           -0.3286           0.265722          1.213286          0.36453           -0.34294          -0.24794          -0.88794          0.42806           
78   114  -2.456035         0.659983          0.168059          0.488742          1.239443          0.617114          -0.03948          -0.63848          -0.67248          0.64252           
78   116  -1.96667          0.429921          0.675904          0.789813          1.111692          1.085479          -0.05656          -0.74956          -0.66956          0.75744           
78   118  -0.528501         0.183425          1.023009          0.601964          0.966975          1.020365          -0.10871          -0.74871          -0.67771          0.87229           
78   120  -0.674487         -0.160463         1.254678          0.346104          0.737013          0.797567          0.58816           -0.25284          -0.06584          0.64216           
80   92   *                 *                 *                 *                 0.706388          *                 1.29925           1.32425           0.75225           1.92525           
80   94   0.287574          0.568896          0.671248          0.387168          0.750054          0.448184          1.40365           1.57165           0.85965           1.99865           
80   96   -0.517306         0.527899          0.063291          0.234514          0.871389          -0.219231         1.13608           0.94508           0.25208           1.61508           
80   98   -1.204749         0.453103          -0.492855         -0.176973         0.812294          -0.142329         0.15911           -0.66689          -0.72289          0.69011           
80   100  -1.542144         0.331886          -0.273495         -0.298864         0.795208          0.091502          -0.30466          -0.52266          -0.60966          0.27134           
80   102  -1.556276         0.500538          -0.059819         -0.151616         0.804522          0.281254          -0.12613          -0.37113          -0.46713          0.40587           
80   104  -1.690343         0.651417          0.125138          0.154789          0.747459          0.305769          -0.11876          -0.36676          -0.46776          0.41124           
80   106  -1.074759         0.666492          0.574804          0.664115          0.826137          0.281704          -0.15207          -0.32807          -0.52107          0.38593           
80   108  -0.588106         0.554628          1.08289           0.856476          0.922445          0.698167          -0.31525          -0.37325          -0.71425          0.23975           
80   110  -0.463367         0.354886          1.48619           0.767039          0.94845           1.184522          0.36857           -0.56543          -0.42343          0.80857           
80   112  -0.258651         0.217242          1.401709          0.694212          0.972488          1.120558          1.20606           -0.26394          0.52706           1.39106           
80   114  -0.092398         0.021363          1.230064          0.522992          0.86456           0.966018          1.10994           0.01594           0.41394           1.27594           
80   116  0.052702          -0.066004         1.163261          0.40015           0.807108          0.870517          1.1145            0.0995            0.3925            1.2485            
80   118  -0.179283         -0.144554         1.077493          0.288536          0.750385          0.71765           1.16506           -0.07694          0.34406           1.16406           
80   120  -0.352359         0.140984          1.090859          0.19942           0.60839           0.663385          1.0806            -0.1504           0.2266            0.9876            
80   122  -0.306645         0.954047          1.203461          0.56592           1.110797          0.725307          1.02204           0.02704           0.17004           1.16504           
82   96   *                 1.237862          1.837262          1.391881          1.233066          1.115548          2.02399           1.40999           1.88899           2.35499           
82   98   *                 1.217034          1.525563          1.101902          0.89481           0.30762           1.7997            1.3627            1.6107            2.1087            
82   100  -0.999143         1.121595          0.779246          0.704981          0.548323          0.001207          1.31965           -0.29535          0.50965           1.60465           
82   102  -1.425949         0.840862          0.28225           0.476784          0.309446          0.116913          0.28887           -0.69513          -0.43313          0.77287           
82   104  -1.443423         0.682865          0.324757          0.26822           0.183399          0.221842          -0.22915          -0.53315          -0.70415          0.28685           
82   106  -1.727107         0.588975          0.456331          0.108064          0.112311          0.594865          0.05593           -0.47807          -0.56807          0.53793           
82   108  -1.676166         0.618122          0.344247          0.065679          0.147504          0.728239          0.77191           -0.33909          0.15291           1.23091           
82   110  -1.507772         0.722936          -0.004115         0.138491          0.216184          0.561342          0.88353           0.52753           0.59853           1.39353           
82   112  -1.261613         0.917881          -0.479242         0.215409          0.337669          0.182426          0.68488           0.96888           0.40688           1.28588           
82   114  -0.983067         1.309403          -0.26901          0.470623          0.64698           0.438378          0.54229           0.96029           0.25929           1.20329           
82   116  -0.764083         1.748652          0.115726          0.852756          1.064484          0.804259          0.35954           0.87754           0.12154           1.46854           
82   118  -0.451175         2.221727          0.891589          1.376903          1.570437          1.418392          0.88822           0.76222           0.60322           1.84422           
82   120  0.091287          2.24354           1.752147          1.82581           2.013436          1.948901          1.4286            0.8836            1.1076            2.1666            
82   122  0.446644          1.841672          2.107347          1.792459          1.840434          2.19062           1.69218           0.79718           1.27818           1.86718           
82   124  0.973609          1.421013          2.696785          1.32174           1.361906          1.71573           1.57686           0.54886           0.97286           1.55886           
82   126  0.063967          0.633728          1.862014          0.43878           0.496832          0.840159          0.84812           -0.18188          0.22412           0.79712           
84   104  -0.407298         *                 0.377457          -0.431643         *                 0.819605          0.17703           0.14003           0.05603           1.03303           
84   106  -0.691755         -1.01555          0.562274          -0.209221         -0.595606         0.710363          0.11128           0.16328           -0.09572          0.83628           
84   108  -0.792601         -1.143271         0.513255          -0.286778         -0.785403         0.714439          0.16474           0.53774           -0.11726          0.92474           
84   110  -1.269162         -1.065505         0.312164          -0.647574         -1.003707         0.654836          0.36099           1.00799           0.03099           1.12299           
84   112  -2.176943         -1.094723         0.186118          -0.709824         -1.010177         0.67395           0.59421           1.25521           0.21021           1.30921           
84   114  -2.58599          -1.222143         0.090334          -0.775275         -1.120755         0.494414          0.78241           1.43141           0.36841           1.46441           
84   116  -2.68323          -1.333984         0.010161          -0.869276         -1.209923         0.422438          0.95477           1.61177           0.44277           1.18577           
84   118  -2.81763          -1.439703         -0.183637         -0.984018         -1.274174         0.310621          0.33111           1.77211           -0.00089          1.19511           
84   120  -3.013661         -1.48072          -0.466039         -1.053125         -1.201583         0.244457          0.44711           1.75011           0.12611           1.45911           
84   122  -3.222983         -1.218583         -0.689559         -0.865275         -0.960654         0.297126          0.67706           1.99806           0.38406           1.75706           
84   124  -3.251327         -0.872971         -0.66134          -0.585234         -0.685428         0.571646          0.96798           2.22498           0.66398           2.05798           
84   126  -3.003241         -0.469954         -0.327629         -0.245499         -0.342175         0.877645          1.25744           2.47244           0.92944           2.36344           
84   128  -3.670878         -1.087552         -0.878106         -0.823788         -0.955104         0.260191          0.85193           2.23493           0.59193           1.94093           
84   130  -4.188612         -1.547484         -1.310216         -1.278777         -1.417613         -0.236371         0.65354           2.12454           0.44154           1.65354           
84   132  -4.561229         -1.854847         -1.289392         -1.543549         -1.729544         -0.562273         0.77016           2.16416           0.33616           1.51116           
86   110  -0.784687         -0.384921         -0.229319         -0.324137         -0.143076         0.125288          0.10241           0.75541           -0.20859          0.90541           
86   112  -0.86792          -0.570019         0.006071          -0.425349         -0.519536         0.373928          0.14969           0.60169           -0.10331          1.02669           
86   114  -1.773983         -0.594173         -0.123249         -0.564102         -0.535949         0.400775          0.24839           0.54139           0.02039           1.19239           
86   116  -1.938395         -0.701971         -0.195491         -0.591949         -0.639481         0.285965          0.54653           0.74253           0.28553           1.48653           
86   118  -1.997761         -0.815143         -0.176918         -0.655985         -0.801548         0.343819          0.98622           1.12422           0.53122           1.52422           
86   120  -2.240624         -0.914585         -0.354227         -0.728875         -0.994019         0.354026          0.81711           1.64311           0.45011           1.52911           
86   122  -2.547893         -1.209841         -0.403882         -0.997213         -1.223712         0.282661          0.85582           1.67582           0.36182           1.67482           
86   124  -3.069905         -1.05117          -0.801972         -0.88822          -1.012512         0.268293          0.90066           1.83766           0.47866           1.86766           
86   126  -2.912277         -0.730091         -0.523406         -0.626396         -0.710979         0.49949           1.09352           2.00652           0.69752           2.06052           
86   128  -3.38714          -1.125384         -0.877767         -1.024282         -1.14324          0.095835          0.94973           1.92473           0.52573           1.86973           
86   130  -3.414555         -1.635952         -0.71741          -1.48562          -1.641123         -0.420937         1.02255           1.69655           0.30755           1.58055           
86   132  -3.140096         -1.554906         0.145091          -0.96265          -1.564367         0.200786          1.39675           1.82075           0.58875           1.34975           
86   134  -2.475644         -1.226102         0.280106          -0.249678         -1.072859         0.690682          1.49415           1.71615           0.81615           1.40115           
88   114  -1.297545         -0.021223         0.388805          -0.008131         -0.041607         0.701755          1.23925           1.58925           0.78125           1.76625           
88   116  -1.742441         -0.443246         0.165541          -0.424221         -0.230531         0.557299          1.23048           1.67948           0.78548           1.74548           
88   118  -1.882393         -0.725088         -0.26567          -0.590133         -0.323944         0.276206          1.29622           1.82722           0.80922           1.72922           
88   120  -2.042666         -0.696306         -0.420089         -0.615946         -0.480244         0.168734          1.02946           1.64646           0.48646           1.67146           
88   122  -2.347983         -0.707285         -0.442756         -0.60553          -0.615446         0.302737          0.9071            1.6611            0.6061            1.7291            
88   124  -2.487911         -0.844316         -0.517066         -0.72484          -0.782767         0.33637           0.99555           1.73955           0.70255           1.83055           
88   126  -2.56698          -0.570228         -0.321353         -0.534005         -0.569671         0.491223          1.07817           1.81717           0.74917           1.91617           
88   128  -2.939081         -0.880571         -0.593281         -0.826459         -0.901076         0.181802          1.10581           1.82581           0.76081           1.85681           
88   130  -2.679013         -0.858748         -0.428258         -0.936311         -0.861777         -0.005869         1.07457           1.81157           0.66457           1.72057           
88   132  -2.551819         -0.783935         -0.333953         -0.718627         -0.654513         0.005838          0.7634            1.6724            0.4054            1.5514            
88   134  -2.273741         -0.910539         -0.230539         -0.74908          -0.693567         -0.076086         0.20492           1.50992           -0.08108          1.12892           
88   136  -1.969311         -0.923333         0.029488          -0.634945         -0.597404         0.023679          -0.14131          1.27369           -0.48031          0.64769           
90   120  -1.814166         -0.595967         -0.394557         -0.575443         -0.271857         0.110814          0.94276           1.62376           0.45676           1.64476           
90   122  -2.08581          -0.588258         -0.422653         -0.552625         -0.354545         0.166152          1.05605           1.86905           0.64605           1.91805           
90   124  -2.224233         -0.627692         -0.280896         -0.61051          -0.662429         0.303559          1.19445           1.79645           0.75045           1.91645           
90   126  -2.25298          -0.450477         -0.177899         -0.490061         -0.449019         0.380116          1.13585           1.77685           0.68185           1.88185           
90   128  -2.593658         -0.736245         -0.40048          -0.725259         -0.748877         0.173212          1.21249           1.82549           0.74749           1.94949           
90   130  -2.488147         -0.654146         -0.480454         -0.592602         -0.41244          0.069135          1.07892           1.98792           0.83592           2.04092           
90   132  -1.926644         -0.750502         -0.269784         -0.547376         -0.190066         0.041274          0.87613           1.74113           0.54913           1.92113           
90   134  -1.306758         -0.889173         0.100214          -0.385249         -0.007544         0.1759            0.64106           1.67006           0.26006           1.61706           
90   136  -0.989271         -0.909704         0.661882          -0.141432         0.160063          0.42715           0.34293           1.74693           -0.32107          1.25893           
90   138  -1.002674         -0.788016         0.807335          -0.04363          0.19278           0.486851          0.80615           1.61215           0.04415           0.86015           
90   140  -1.113031         -0.729206         0.766248          -0.082201         0.1195            0.405876          0.81024           1.12924           0.08224           1.01624           
90   142  -1.173724         -0.650747         0.855793          -0.070044         0.150257          0.406233          0.89556           0.93556           0.16356           1.04056           
92   126  -1.982021         -0.353074         -0.132873         -0.449657         -0.346676         0.216347          0.8791            1.4711            0.4331            1.4501            
92   134  -1.140685         -0.754786         0.223476          -0.200735         0.169252          0.407737          1.0566            1.8656            0.6956            1.8836            
92   136  -1.03244          -0.630686         0.494484          -0.108898         0.225465          0.511226          0.9397            1.7067            0.6597            1.6877            
92   138  -0.951093         -0.570904         0.579752          -0.094155         0.242114          0.497236          0.94358           1.59658           0.28158           1.36858           
92   140  -0.945886         -0.582788         0.619726          -0.108855         0.221001          0.47263           0.94882           1.31682           0.28582           1.35682           
92   142  -1.06621          -0.630611         0.664396          -0.149731         0.165546          0.423921          1.01838           1.05738           0.30938           1.28438           
92   144  -1.069061         -0.558488         0.769333          -0.100689         0.23072           0.462843          0.9911            0.5641            0.3071            1.2491            
94   134  -2.03221          -0.634711         -0.166514         -0.422101         -0.150315         0.190391          -1.05652          -1.87852          -1.71852          -0.32752          
94   136  -2.231533         -0.566757         -0.220514         -0.45805          -0.125591         0.184364          0.71399           -1.88101          -0.23101          -0.07401          
94   138  -2.143892         -0.541391         -0.12846          -0.408702         -0.044778         0.256196          1.08689           -1.86411          0.44989           1.58289           
94   140  -2.062434         -0.578383         0.002554          -0.382339         -0.037036         0.320954          1.10592           -2.01508          0.48992           1.62592           
94   142  -2.013628         -0.586076         0.164666          -0.323783         -0.023267         0.395772          1.20415           -1.51885          0.55115           1.61215           
94   144  -2.013472         -0.635673         0.219556          -0.350192         -0.101347         0.362093          1.09548           0.24148           0.45548           1.45148           
94   146  -1.885169         -0.565307         0.395572          -0.275205         -0.05715          0.418689          1.17811           0.45811           0.45111           1.39311           
94   148  -1.719554         -0.437628         0.645736          -0.146985         0.020253          0.519153          1.26535           0.48435           0.48035           1.37335           
96   138  -1.913783         -0.608838         -0.265643         -0.561184         -0.355322         -0.076892         0.21012           -1.67988          -0.20588          1.07412           
96   144  -1.659507         -0.431812         0.289721          -0.302282         -0.219743         0.268193          0.71175           0.30275           0.08675           1.24675           
96   146  -1.545292         -0.319969         0.461049          -0.18632          -0.13221          0.37319           1.03428           0.29228           0.22528           1.32528           
96   148  -1.491751         -0.317471         0.564954          -0.152496         -0.121454         0.385125          1.17132           0.31732           0.25932           1.27932           
96   150  -1.426792         -0.341193         0.671263          -0.12579          -0.130894         0.366258          0.85594           0.17294           0.06494           1.06594           
96   152  -1.326641         -0.322164         0.785297          -0.076028         -0.074698         0.367206          0.79207           0.16907           0.04207           0.96807           
98   146  -1.187283         -0.08854          0.505392          -0.066033         0.156035          0.29324           0.17009           0.31409           -0.17491          1.01809           
98   148  -1.234772         -0.186387         0.492508          -0.126941         0.095178          0.230437          0.22814           0.18714           -0.20986          0.95614           
98   150  -1.27091          -0.324871         0.507053          -0.188635         0.029419          0.17983           0.25539           0.13639           -0.23061          0.86139           
98   152  -1.200058         -0.322274         0.664042          -0.133516         0.098249          0.252816          0.52265           0.18165           -0.04635          0.94065           
98   154  -1.146224         -0.249996         0.823273          -0.059139         0.223956          0.327061          0.75801           0.33201           0.07101           1.06901           
100  148  -1.266826         -0.150353         0.378549          -0.056975         0.378377          0.354891          0.74874           0.48974           0.26174           1.38974           
100  150  -1.224272         -0.196108         0.523967          -0.028301         0.361531          0.425036          0.80587           0.45787           0.29887           1.39487           
100  152  -1.432507         -0.478702         0.423107          -0.25134          0.08416           0.231215          0.77665           0.20865           0.18265           1.19365           
100  154  -1.372283         -0.381233         0.623426          -0.149794         0.15764           0.332275          0.99426           0.43926           0.36526           1.32326           
100  156  -1.326135         -0.276797         0.764494          -0.074555         0.228237          0.406845          1.1694            0.4894            0.5864            1.4264            
102  152  -1.073545         0.010497          0.978439          0.209885          0.207705          0.891967          1.47695           0.73695           0.84895           1.88795           
102  154  -1.187764         -0.073859         0.962737          0.122847          0.084993          0.782754          1.44361           0.76561           0.84461           1.79961           